#!/bin/bash
echo "TESTING COLLATZ"
echo "./run.out 1 2 8 1000 10000 2.0"
./run.out 1 2 8 1000 10000 2.0

echo "./run.out 1 2 16 1000 10000 2.0"
./run.out 1 2 16 1000 10000 2.0

echo "./run.out 1 2 32 1000 10000 2.0"
./run.out 1 2 32 1000 10000 2.0



echo "./run.out 1 4 8 1000 10000 2.0"
./run.out 1 4 8 1000 10000 2.0

echo "./run.out 1 4 16 1000 10000 2.0"
./run.out 1 4 16 1000 10000 2.0

echo "./run.out 1 4 32 1000 10000 2.0"
./run.out 1 4 32 1000 10000 2.0



echo "./run.out 1 8 8 1000 10000 2.0"
./run.out 1 8 8 1000 10000 2.0

echo "./run.out 1 8 16 1000 10000 2.0"
./run.out 1 8 16 1000 10000 2.0

echo "./run.out 1 8 32 1000 10000 2.0"
./run.out 1 8 32 1000 10000 2.0



echo "./run.out 1 16 8 1000 10000 2.0"
./run.out 1 16 8 1000 10000 2.0

echo "./run.out 1 16 16 1000 10000 2.0"
./run.out 1 16 16 1000 10000 2.0

echo "./run.out 1 16 32 1000 10000 2.0"
./run.out 1 16 32 1000 10000 2.0



echo "./run.out 1 32 8 1000 10000 2.0"
./run.out 1 32 8 1000 10000 2.0

echo "./run.out 1 32 16 1000 10000 2.0"
./run.out 1 32 16 1000 10000 2.0

echo "./run.out 1 32 32 1000 10000 2.0"
./run.out 1 32 32 1000 10000 2.0



echo "./run.out 1 64 8 1000 10000 2.0"
./run.out 1 64 8 1000 10000 2.0

echo "./run.out 1 64 16 1000 10000 2.0"
./run.out 1 64 16 1000 10000 2.0

echo "./run.out 1 64 32 1000 10000 2.0"
./run.out 1 64 32 1000 10000 2.0

